Accelerometer:
  axoffset: 0.04525349934895833
  ayoffset: 0.029110107421875
  azoffset: -0.04918497721354167
Gyroscope:
  gxoffset: 4.4736480712890625
  gyoffset: 0.7692972819010416
  gzoffset: 0.080413818359375
Joystick:
  lxscale: 0
  lyscale: 0
  rxscale: 0
  ryscale: 0
Magnetometer:
  mxoffset: 0.018829345703125
  mxscale: 1.011716359185101
  myoffset: -0.070953369140625
  myscale: 0.9984468030028475
  mzoffset: -0.026763916015625
  mzscale: 0.9900744416873449
lxscale: 0.9803921568627451
lyscale: 1.0309278350515463
rxscale: 1.0101010101010102
ryscale: 1.0101010101010102
